4088
5598
5626
5690
5705
16122
16105
16136
17585
17610
17688
17694
6027
6059
7605
7666
7664
2038019
2038036
2038047
2038101
2039609
2039605
2042001
2042006
2042123
2043602
2043623
2043615
2043652
2043608
2043699
2043713
4162
4170
4197
4252
4267
5772
5775
16262
17764
17780
17787
6149
6204
6221
6233
6243
6245
7740
7787
2038159
2038250
2039730
2039728
2039748
2039788
2039797
2039812
2039848
2039860
2042156
2042206
2042263
2043801
2043837
2043838
2043842
4282
4310
5864
5897
5907
5947
16281
16294
16343
16384
16394
16391
17951
17953
17968
6359
6395
7870
7924
2038309
2038292
2038369
2038383
2038392
2042307
2042336
2042366
2042408
2042420
2043879
2043934
2043943
2043944
2043957
2043998
2043994
2043974
4444
4472
4486
4492
4509
4507
4528
4549
4539
4576
4606
4650
4711
4749
4754
4851
4875
4912
4980
4974
5126
5137
5159
5176
5181
5224
5243
5242
5270
5301
5390
5392
5398
5428
5431
5523
5544
5560
16456
16461
16539
16541
16566
16738
16817
16785
16857
16928
16948
16954
16980
16977
16994
17081
17219
17347
17396
17422
17433
17462
17471
17458
17540
17544
6496
6508
6547
6593
6679
6621
6698
6713
6825
6836
6904
6932
7053
7109
7084
7138
7136
7222
7251
7265
7306
7338
7367
7399
7425
7394
7456
2038502
2038527
2038499
2038516
2038530
2038582
2038581
2038576
2038597
2038615
2038758
2038762
2038736
2038779
2038790
2038773
2038859
2038921
2038934
2038940
2038965
2039040
2039119
2039193
2039213
2039202
2039235
2039216
2039261
2039294
2039292
2039301
2039321
2039315
2039311
2039375
2039390
2039408
2039395
2039489
2039534
2039545
2042438
2042507
2042521
2042541
2042609
2042617
2042712
2042863
2042884
2042964
2042978
2043022
2043037
2043119
2043105
2043186
2043203
2043222
2043244
2043280
2043312
2043344
2043382
2043409
2043449
2043463
2043501
2043521
2043542
191706
191705
2141622
2141634
2141712
2236003
2236082
2236104
2236130
1506020
1506056
1506078
1506121
1655610
1655700
1655645
928026
928008
928137
929639
929668
929686
930009
930063
930109
931596
931624
931691
931697
931704
932013
932091
932120
191801
191850
191858
2141731
2141725
2236144
2236177
2236189
2236203
2236224
2236250
2236245
2236251
2236261
1506218
1506209
1506245
1506248
1655727
1506276
928218
928209
929743
929781
929803
929829
930188
930159
930166
930249
931728
931813
931841
932160
932153
932151
932170
932164
932203
932247
191869
191878
191879
191926
191962
191986
191993
2141882
2141907
2236312
2236364
2236409
2236404
1506335
1506341
1506416
1655873
1655899
1655906
1655998
928318
928352
928381
928378
928390
928410
929926
929933
929954
930291
930338
930310
931866
931895
931916
931894
931981
931959
932303
932394
191034
191106
191114
191254
191285
191307
191310
191360
191373
191413
191456
191486
191499
2141028
2141035
2141053
2141077
2141128
2141146
2141147
2141159
2141181
2141202
2141252
2141254
2141347
2141350
2141360
2141365
2141394
2141392
2141453
2141464
2141461
2141483
2141486
2141494
2141532
2141574
2236445
2236453
2236449
2236476
2236526
2236562
2236575
2236590
2236593
2236613
2236660
2236700
2236746
2236763
2236808
2236838
2236837
2236858
2236902
2236958
2236935
1506422
1506539
1506611
1506668
1506681
1506716
1506712
1506744
1506832
1506880
1506896
1506915
1506907
1506935
1506941
1506956
1506960
1506978
1655105
1655123
1655197
1655220
1655335
1655324
1655382
1655426
1655397
1655537
928462
928500
928509
928590
928537
928694
928698
928825
928817
928885
928954
928978
928997
928968
929033
929181
929223
929367
929376
929446
929451
929502
929574
930469
930443
930570
930682
930728
930762
930917
930929
930995
931149
931201
931227
931218
931265
931349
931328
931348
931435
931428
931474
931450
931469
931507
931554
931564
931568
932473
932578
932742
932805
932920
932960
933000
1609645
1609617
1609700
1609695
1609686
1610109
1610102
1610118
1611628
1611668
1611705
1611716
1612006
1612090
1612016
1612112
1366016
1366131
1367659
1367650
1367678
1367651
724016
724065
1367677
724128
724127
724103
724111
725615
725657
725685
725665
725691
725710
550069
551600
551613
551593
551661
551680
551673
551684
551706
551677
1609751
1609753
1609814
1609813
1609842
1609851
1610152
1610220
1610280
1611819
1611796
1611840
1612148
1612154
1610251
1612271
1612279
1612267
1366141
1366154
1366145
1366210
1366245
1366226
1367726
1367727
1367771
1367781
1367782
1367772
1367850
724145
724155
724168
724226
724255
725741
725722
725739
725768
725745
725733
725799
725843
725846
725852
550177
550165
550258
551729
551732
551857
551847
551845
1609877
1609911
1609870
1609956
1610297
1610322
1611897
1611945
1612377
1612374
1612399
1612417
1612415
1366287
1366313
1366283
1366338
1367912
1367980
1367982
1367986
724295
724310
724352
724388
724375
724406
725869
725878
725920
725932
725936
725962
725977
550283
551900
551941
551891
551929
551978
1609015
1609021
1609108
1609114
1609161
1609121
1609202
1609353
1609365
1609343
1609518
1609548
1609566
1609565
1610587
1610547
1610624
1610658
1610697
1610644
1610766
1610837
1610811
1610904
1610979
1611036
1611124
1611147
1611278
1611277
1611319
1611375
1611491
1611531
1611567
1611546
1611575
1612444
1612489
1612585
1612612
1612639
1612688
1612624
1612701
1612748
1612755
1612860
1612899
1612981
1612979
1612977
1612991
1366438
1366480
1366518
1366540
1366571
1366659
1366705
1366655
1366678
1366752
1366703
1366758
1366728
1366738
1366699
1366830
1366788
1366910
1366946
1366911
1367042
1367014
1367096
1367119
1367238
1367203
1367299
1367337
1367434
1367491
1367500
1367489
724451
724494
724525
724536
724542
724573
724578
724638
724718
724823
724675
724792
724834
724891
724936
724929
724907
724998
725049
725082
725136
725169
725263
725279
725330
725384
725346
725300
725432
725548
550464
550478
550503
550524
550539
550489
550662
550692
550688
550740
550808
550855
550935
550979
550988
551015
551049
551081
551069
551150
551082
551189
551118
551143
551214
551212
551251
551315
551407
551479
551580
1172015
1172055
1172086
1172096
1172119
1173621
1173669
1173654
1173700
2171596
2171617
2171634
2171691
697655
697651
697695
697698
2076049
2076058
2076080
2076140
2076139
2083625
1172267
1173762
1173813
1173849
2171753
2171789
2171801
2171837
697750
697852
2076161
2076159
2076182
2076184
2076193
2076246
2076276
2076275
2083722
2083818
1172301
1172309
1172325
1172332
1172368
1172373
1172403
1173869
1173925
1173951
1173997
2171895
2171948
2171963
697866
697871
697894
697918
697938
2076321
2076342
2083874
2083912
1172474
1172484
1172501
1172516
1172581
1172652
1172690
1172801
1172816
1172857
1172904
1173001
1173003
1173013
1173095
1173104
1173110
1173143
1173239
1173249
1173276
1173300
1173337
1173476
1173501
1173564
2171033
2171083
2171181
2171238
2171240
2171250
2171260
2171281
2171278
2171325
2171444
2171543
697118
697181
697280
697360
697442
697443
697417
697517
2076449
2076458
2076532
2076523
2076611
2076756
2076773
2076878
2076908
2083069
2083105
2083143
2083150
2083147
2083175
2083198
2083245
2083254
2083256
2083271
2083291
2083300
2083337
2083406
2083424
2083432
2083506
2115581
2115601
2115637
124029
124128
125665
125708
126140
127595
127640
127660
128037
128079
128103
128101
128119
129719
129713
129691
129720
130028
130073
130082
130104
130111
131600
131637
131660
132044
132040
132132
2115767
2115748
2115794
2115790
2115853
2115849
124195
124203
124177
124223
124275
125812
125849
125852
126265
127743
127755
127787
127816
127811
127846
128196
127855
128275
128274
129741
129769
129764
129809
130157
130246
130279
131723
131732
131795
132159
132183
132193
2115932
2115943
124337
124355
124361
125931
125951
125988
126292
126360
126389
126324
126419
127862
127881
127925
127919
127997
128321
128373
128327
129877
129935
129986
129983
130414
131862
131916
131896
131904
131958
131993
132306
132385
2115038
2115147
2115166
2115196
2115202
2115229
2115309
2115365
2115371
2115421
2115505
2115553
2115545
2115566
2115561
2115563
124474
124516
124582
124605
124684
124695
124670
124744
124730
124835
124828
124829
124865
124902
124931
125017
125008
125095
125134
125135
125146
125175
125160
125221
125201
125307
125323
125371
125401
125506
126445
126442
126589
126591
126583
126720
126721
126803
126937
126934
127108
127173
127288
127354
127313
127414
127475
127517
127531
127547
127542
128471
128569
128590
128622
128626
128679
128783
128777
128795
128764
128824
128895
128973
128940
128995
128968
129038
129006
129204
129520
129504
129566
130446
130469
130471
130512
130552
130660
130704
130741
130784
130824
130843
130854
130845
130853
130891
130914
130946
130991
131009
131180
131308
131312
131330
131385
131415
131465
131472
131513
131525
132446
132462
132568
132553
132555
132618
132633
132621
132672
132722
132778
132869
132907
132888
2115581
2115601
2115637
124029
124128
125665
125708
126140
127595
127640
127660
128037
128079
128103
128101
128119
129719
129713
129691
129720
130028
130073
130082
130104
130111
131600
131637
131660
132044
132040
132132
2115767
2115748
2115794
2115790
2115853
2115849
124195
124203
124177
124223
124275
125812
125849
125852
126265
127743
127755
127787
127816
127811
127846
128196
127855
128275
128274
129741
129769
129764
129809
130157
130246
130279
131723
131732
131795
132159
132183
132193
2115932
2115943
124337
124355
124361
125931
125951
125988
126292
126360
126389
126324
126419
127862
127881
127925
127919
127997
128321
128373
128327
129877
129935
129986
129983
130414
131862
131916
131896
131904
131958
131993
132306
132385
2115038
2115147
2115166
2115196
2115202
2115229
2115309
2115365
2115371
2115421
2115505
2115553
2115545
2115566
2115561
2115563
124474
124516
124582
124605
124684
124695
124670
124744
124730
124835
124828
124829
124865
124902
124931
125017
125008
125095
125134
125135
125146
125175
125160
125221
125201
125307
125323
125371
125401
125506
126445
126442
126589
126591
126583
126720
126721
126803
126937
126934
127108
127173
127288
127354
127313
127414
127475
127517
127531
127547
127542
128471
128569
128590
128622
128626
128679
128783
128777
128795
128764
128824
128895
128973
128940
128995
128968
129038
129006
129204
129520
129504
129566
130446
130469
130471
130512
130552
130660
130704
130741
130784
130824
130843
130854
130845
130853
130891
130914
130946
130991
131009
131180
131308
131312
131330
131385
131415
131465
131472
131513
131525
132446
132462
132568
132553
132555
132618
132633
132621
132672
132722
132778
132869
132907
132888
505589
505668
505676
505660
505694
505698
918080
918140
919607
919608
920012
920038
920106
920105
920120
921633
922050
923587
923659
923716
926030
926027
926072
926104
927673
927689
1654092
1654112
505721
1654122
505828
505840
918174
918180
918271
919726
919749
919859
920145
920169
920208
921740
921763
921770
921801
921760
921794
923756
923784
923792
923857
926173
926234
927748
927782
927798
927828
927860
927853
1654166
1654237
1654215
1654254
1654251
1654252
1654276
505869
505866
505888
505963
505945
918281
918292
918332
918397
918413
918412
918361
919922
919925
920288
920310
920326
920387
921882
921908
922359
922395
922411
923877
923986
926321
926345
926340
926383
926403
926413
927963
1654353
1654368
505050
505124
505127
505189
505177
505276
505318
505334
505309
505329
505349
505381
505384
918475
918497
918514
918559
918599
918624
918838
918847
918894
918901
918893
918943
918903
919128
919185
919195
919236
919335
919418
919420
919492
919580
919565
920498
920577
920624
920720
920797
920803
920842
920898
920870
920884
920927
920954
920951
921005
921069
921072
921075
921107
921067
921134
921130
921144
921109
921150
921218
921301
921330
921369
921389
921435
921496
921545
921547
921561
921574
922479
922528
922536
922622
922629
922687
922757
922753
922789
922866
922882
922984
923036
923052
923072
923071
923107
923133
923193
923171
923256
923341
923374
923454
923492
923552
923528
926443
926514
926508
926623
926650
926682
926784
926789
926866
926871
927136
927126
927151
927167
927172
927187
927163
927170
927234
927283
927282
927277
927330
927380
927415
927418
927485
927452
927514
927546
1654453
1654476
1654549
1654558
1654569
1654575
1654592
1654620
1654673
1654704
1654769
1654825
1654874
1654881
1654892
1654937
1654958
1654903
1654940
190027
190047
190085
190091
190101
190105
190130
190139
2135611
2135678
2140010
2140030
2140126
1823586
1823589
1823617
1823621
1824003
1824029
1824077
1824084
1824079
1825590
1825582
1825618
1825704
1826079
1826085
1826074
1826097
1827602
1827648
1827665
1830057
1830077
1830113
1830133
1830136
1831629
1831661
1831694
190162
190207
2135731
190271
2135815
2140193
2140208
2140201
1823739
1823737
1823736
1823759
1824153
1824169
1824213
1825740
1825742
1825787
1825773
1825796
1825819
1826202
1826205
1826240
1826236
1827842
1830146
1830147
1830178
1830204
1830272
190340
190352
190376
190398
190416
2135872
2135890
2140281
2140346
2140371
1823869
1823989
1824285
1824313
1824316
1824337
1825876
1825900
1825923
1825933
1825959
1825960
1826344
1826359
1827960
1830319
1831867
1831987
190445
190465
190549
190584
190639
190698
190715
190778
190820
190855
190877
190974
2135010
2135020
2135032
2135046
2135115
2135203
2135262
2135380
2135403
2140427
2140438
2140569
2140596
2140647
2140690
2140721
2140764
2140775
2140921
2140947
2140971
1823036
1823083
1823115
1823146
1823211
1823253
1823264
1823269
1823291
1823318
1823374
1823391
1823411
1823409
1823425
1823483
1823504
1823510
1824436
1824503
1824636
1824650
1824714
1824729
1824780
1824831
1825014
1825095
1825118
1825125
1825176
1825181
1825219
1825224
1825319
1825336
1825441
1825476
1825558
1826423
1826437
1826446
1826454
1826497
1826551
1826577
1826599
1826618
1826625
1826692
1826694
1826818
1826865
1826876
1826885
1826891
1826911
1826900
1827002
1827111
1827133
1827159
1827190
1827204
1827327
1827410
1827436
1827539
1827560
1827556
1827579
1830610
1830609
1830620
1830646
1830659
1830672
1830678
1830826
1830857
1830888
1830893
1830918
1830948
1831019
1831034
1831075
1831103
1831092
1831188
1831226
1831243
1831292
1831365
1831385
1831257
1831391
1831389
1831416
1831428
1831431
1831446
1831496
1831524
1119661
1120097
1120109
1120140
1121583
1121600
1121624
1121675
1121681
1121692
1846052
1846099
1846107
1846116
1846133
1846137
1847636
1847700
1847712
1852030
1852040
1852054
1852112
1853713
1854035
1854113
1855605
1855647
1855677
1855705
1856059
1856105
1119740
1119755
1119808
1120216
1120250
1120278
1121773
1121762
1121781
1121858
1846147
1846196
1846205
1846200
1846210
1846261
1847726
1847747
1847843
1852250
1853743
1853775
1853781
1853812
1853798
1854141
1854166
1854182
1854231
1854236
1854254
1854271
1855821
1856160
1856223
1856255
1119906
1119909
1119969
1119973
1119992
1120290
1120307
1120314
1120401
1121866
1121873
1121925
1121953
1121967
1847870
1847999
1852300
1852343
1852391
1852399
1852413
1853863
1853878
1853907
1853957
1854297
1854331
1854341
1855909
1855924
1855983
1855985
1856319
1856374
1856371
1856405
1119029
1119058
1119071
1119081
1119091
1119189
1119409
1119471
1119515
1119537
1119552
1120456
1120500
1120509
1120550
1120559
1120591
1120615
1120657
1120691
1120706
1120847
1120898
1120938
1120970
1120997
1121006
1121017
1121057
1121124
1121132
1121159
1121203
1121219
1121246
1121310
1121331
1121386
1121515
1846485
1846515
1846649
1846631
1846674
1846689
1846745
1846776
1846831
1846888
1846895
1846920
1846946
1846972
1847021
1847027
1847056
1847074
1847123
1847202
1847221
1847224
1847242
1847246
1847260
1847285
1847284
1847344
1847368
1847392
1847471
1847496
1847499
1847534
1847567
1847553
1852470
1852474
1852506
1852490
1852559
1852582
1852657
1852664
1852718
1852751
1852773
1852982
1853061
1853092
1853118
1853139
1853145
1853205
1853211
1853214
1853241
1853295
1853294
1853315
1853330
1853354
1853434
1853496
1854495
1854583
1854572
1854602
1854643
1854713
1854705
1854751
1854793
1854800
1854821
1854789
1854919
1854947
1854951
1855016
1855048
1855062
1855139
1855137
1855142
1855167
1855237
1855244
1855260
1855285
1855292
1855340
1855357
1855413
1855420
1855466
1855543
1855544
1855575
1856533
1856609
1856612
1856626
1856652
1856665
1856711
1856750
1856754
1856812
1856883
1856838
1856897
1856997
246100
246119
248005
248053
248092
248132
248074
248139
248135
248137
248133
249655
249679
249638
249698
249692
250076
251637
251626
251630
251609
251667
261639
261666
265581
265635
265672
265651
266044
266022
266089
266112
266109
266088
266128
268058
268066
269629
269697
269658
246251
248209
248241
249738
249832
249857
249826
250177
250271
250274
251755
251758
251813
251750
251785
251811
251819
251850
261838
261808
261855
265825
266198
266263
266248
266275
268271
269759
269764
269818
269850
246281
246367
246348
246390
246372
246338
248325
248416
249867
248395
249909
249940
249987
249991
250310
250299
251915
251920
251922
251971
251984
261950
261918
265953
265990
265969
266311
268295
268367
268326
268417
269905
269943
269954
269935
246447
246431
246517
246541
246574
246621
246691
246675
246730
246744
246757
246800
246816
246814
246884
246863
246840
246952
248500
248475
248459
248528
248583
248563
248651
248830
248907
248976
248956
249003
249097
249221
249389
249403
249402
249557
249555
250535
250626
250618
250675
250752
250791
250813
250860
250833
250855
250832
250820
250839
251003
251059
251061
251087
251133
251138
251197
251269
251216
251284
251302
251267
251489
251467
251525
251515
251551
251477
251544
261043
261161
261201
261206
261211
261244
261263
261291
261407
261461
261471
261505
261507
261554
265054
265058
265078
265080
265293
265306
265352
265463
265505
265559
266479
266472
266555
266642
266694
266760
266804
266759
266822
266770
266885
266862
266902
266999
268485
268451
268499
268638
268689
268706
268725
268716
268832
268799
268835
268893
268882
268866
268935
268981
268951
269068
269101
269095
269143
269110
269116
269134
269139
269093
269242
269200
269304
269381
269446
269502
542014
542049
542068
542114
542134
543617
543608
543685
545592
545632
545648
545705
546002
546127
546122
547585
547604
547642
547654
547716
548074
548085
548105
548115
549601
549594
549616
549631
549640
552028
552026
552010
552079
552090
552131
553600
553618
553646
553684
553676
553678
553706
558001
542166
558079
542176
542157
542218
542224
542274
543751
543794
543780
543792
543824
545728
545750
545779
545852
546171
546176
546209
546199
546236
546245
546270
547774
547830
548192
548234
548280
549777
552155
552158
552166
552182
552194
552214
558163
558150
558155
542420
543890
543903
543945
545864
545893
545899
545945
546369
546367
546382
547866
547864
547877
547894
547963
548000
548420
549889
549899
549985
552299
552282
552350
552358
552391
552414
553884
553924
553974
553979
553982
553984
558395
542446
542447
542511
542532
542545
542534
542696
542678
542704
542727
542788
542801
542784
542836
542862
542852
542839
542869
542919
543011
543093
543128
543127
543283
543281
543368
543359
543371
543465
543537
545054
545083
545172
545236
545250
545291
545369
545468
545516
545543
546436
546451
546516
546614
546666
546564
546677
546773
546809
546835
546841
546836
546843
546892
546899
546918
546930
546920
546975
546958
547055
547210
547322
547336
547343
547369
547396
547382
547429
547571
547574
548462
548553
548604
548623
548587
548786
548819
548832
548846
548900
548942
548967
548969
549006
549088
549117
549178
549183
549176
549293
549312
549323
549366
549395
549526
552492
552598
552683
552699
552748
552754
552838
553003
553068
553131
553218
553223
553208
553272
553262
553326
553338
553334
553376
553375
553395
553423
553555
558541
558551
558643
558800
558810
558881
558940
558936
558975
558955
558959
558969
558962
558886
1466016
1466063
1466085
1466123
1467651
1467675
1467706
1470133
1471614
1471634
1471641
1471674
1471680
1472052
1473656
1473661
1473696
1473705
1474018
1474110
1474104
1474115
1474123
1474137
1475599
1476039
1476118
1477643
1477665
1477690
1477700
1466172
1466186
1466224
1477674
1466245
1467737
1470155
1470169
1470249
1470253
1471756
1471766
1472257
1473729
1473754
1473772
1473806
1473845
1474194
1475737
1475830
1477842
1477856
1466294
1466315
1466317
1466333
1467907
1467938
1467950
1467947
1467958
1470301
1470323
1470365
1470404
1471919
1471984
1471990
1472300
1472338
1472340
1473863
1473867
1473927
1473949
1473976
1474304
1474370
1474371
1474408
1475872
1475889
1475950
1475970
1476304
1477865
1477881
1477883
1477910
1477920
1477955
1477950
1477958
1466455
1466499
1466557
1466556
1466590
1466604
1466603
1466654
1466658
1466727
1466734
1466810
1466816
1466854
1466967
1466954
1467051
1467102
1467123
1467157
1467210
1467267
1467308
1467315
1467332
1467377
1467470
1467469
1467484
1467503
1467524
1467539
1467551
1467574
1467576
1470445
1470454
1470515
1470503
1470512
1470540
1470552
1470550
1470636
1470706
1470726
1470750
1470790
1470871
1470927
1471010
1471036
1471053
1471115
1471192
1471203
1471232
1471247
1471329
1471389
1471473
1471514
1472643
1472654
1472696
1472762
1472777
1472787
1472886
1472929
1472971
1473045
1473027
1473135
1473131
1473117
1473161
1473148
1473205
1473312
1473317
1473327
1473352
1473384
1473337
1473407
1473433
1473454
1473463
1473479
1473487
1473534
1473548
1473552
1474594
1474695
1474700
1474667
1474709
1474753
1474756
1474780
1474851
1474895
1474933
1474982
1475001
1475045
1475097
1475175
1475180
1475214
1475265
1475275
1475323
1475372
1475374
1475434
1475482
1475507
1475523
1476451
1476456
1476462
1476502
1476527
1476529
1476619
1476640
1476641
1476649
1476694
1476739
1476799
1476822
1476857
1476922
1477058
1477076
1477086
1477149
1477143
1477154
1477220
1477319
1477379
1477400
1477433
1477443
1477469
1477566
1545589
1545624
1545645
1545673
1546040
1546065
1546032
1546064
1546103
1546099
1547591
1547622
1547658
1547706
1547699
1547715
1548030
1548002
1548075
1548027
1548105
1548083
1549631
1549630
1549658
1549644
1549655
1549643
1550001
1550127
1551590
1551593
1551629
1551712
1551682
1554024
1554010
1554096
1555583
1555607
1555676
1556037
1556071
1556002
1556079
1556136
1556127
1545766
1545765
1545799
1545817
1545788
1545773
1545806
1545770
1545789
1545829
1545859
1546155
1547757
1547794
1547828
1547847
1548158
1548173
1549770
1549740
1550221
1550255
1551761
1551821
1554186
1554209
1554232
1554239
1555751
1555730
1555754
1555771
1556170
1556169
1556247
1545868
1545893
1545948
1545997
1546351
1546404
1546409
1546285
1547962
1547905
1548302
1548404
1549924
1549896
1549909
1549925
1549880
1551931
1551989
1551957
1551996
1554326
1554376
1554414
1554407
1555866
1556298
1556396
1545024
1545010
1545053
1545042
1545068
1545009
1545076
1545110
1545074
1545113
1545200
1545158
1545237
1545303
1545257
1545264
1545356
1545357
1545396
1545359
1545335
1545408
1545435
1545377
1546485
1546450
1546507
1546565
1546619
1546643
1546702
1546631
1546695
1546826
1546822
1546945
1546867
1546988
1547050
1547019
1547087
1547096
1547091
1547184
1547161
1547173
1547200
1547273
1547313
1547317
1547463
1547448
1547554
1547547
1547548
1548451
1548515
1548533
1548574
1548638
1548731
1548787
1548673
1548812
1548899
1548890
1548914
1548927
1548992
1549007
1549033
1549038
1549027
1549134
1549139
1549206
1549178
1549181
1549368
1549396
1549432
1549518
1549497
1550501
1550448
1550538
1550545
1550627
1550656
1550736
1550815
1550797
1550987
1550996
1551095
1551101
1551180
1551166
1551225
1551281
1551238
1551235
1551355
1551380
1551466
1551450
1554427
1554425
1554480
1554433
1554442
1554543
1554585
1554590
1554664
1554735
1554728
1554822
1554891
1554924
1554942
1554961
1554985
1555061
1555079
1555117
1555148
1555198
1555155
1555265
1555286
1555396
1555391
1555513
1555563
1556466
1556470
1556473
1556580
1556741
1556773
1556787
1556829
1556836
1556821
1556820
1556943
1556968
1556961
1556990
1556958
1556976
656019
656038
657643
660024
660022
660066
660099
660097
661589
661667
661694
661697
662026
662034
662028
662078
662088
662113
663598
663619
663646
663664
663679
663683
663665
663707
666001
666039
666050
666134
666139
667622
667718
142034
143659
143666
143690
656206
656215
656243
656271
657746
657759
657795
657797
657828
657843
657854
660150
660214
660206
660235
660227
660247
661744
661746
661770
661810
662144
662148
662172
662223
663752
663840
666160
666201
666225
666277
666273
667778
667780
667781
667844
667845
667852
142237
143751
143779
143857
656351
656342
657870
657887
657896
657904
657915
657934
657965
657995
660287
660303
660318
660339
660321
660411
661872
661938
662284
662311
662320
662363
662384
663959
666321
666407
667875
142288
142313
142294
142354
143880
143868
143936
143958
143926
143998
656429
656465
656493
656504
656595
656603
656614
656641
656665
656819
656821
656848
656914
656926
656945
656949
656979
657006
657036
657015
657125
657168
657184
657220
657224
657227
657234
657367
657409
657446
657458
657493
657501
657576
657568
660447
660478
660527
660559
660564
660660
660672
660813
660820
660924
660939
660943
660983
660985
660998
661011
661016
661065
661145
661140
661160
661230
661344
661361
661379
661407
661406
661481
661471
661497
661566
661551
662461
662478
662494
662542
662580
662636
662669
662709
662713
662800
662826
662859
662925
662947
662965
663179
663263
663271
663321
663331
663304
663332
663385
663403
663410
663431
666434
666421
666478
666520
666668
666742
666757
666767
666788
666838
666853
666859
666902
666974
667029
667063
667101
667142
667198
667223
667261
667250
667260
667292
667318
667352
667568
142446
142467
142694
142759
142779
142769
142817
142881
142898
142935
142938
142936
142978
143057
143077
143047
143112
143171
143197
143212
143228
143417
143477
143474
143536
143571
252047
252098
253591
253633
253708
258022
258032
258041
258089
258118
259612
259681
260017
260032
260125
260140
264005
264011
264058
264080
264074
264119
267601
267669
267648
267714
1216002
1216027
1216039
1216103
1219635
1219675
1219662
1219680
1219711
1224016
1224061
1224057
1224129
252170
252215
252271
253732
253762
253791
253731
253802
258142
258160
258222
258231
259816
259834
259843
260227
260193
260149
260250
260201
260242
264148
264202
267821
267822
267804
267818
267824
1216203
1219839
1219817
1224150
1224178
1224170
1224250
252316
252346
252403
252416
252420
252358
253931
253889
253884
253977
258368
258350
258414
258408
259876
259886
259897
259924
260297
260323
260306
260374
260416
264322
264398
264380
264414
267862
267870
267894
267999
267975
1216281
1216318
1216363
1216418
1219869
1219875
1224282
1224350
1224400
252542
252601
252608
252670
252735
252757
252745
252798
252837
252861
252840
252884
252866
252904
252937
252951
252938
252973
253020
253108
253165
253148
253265
253330
253357
253428
253529
253533
258473
258510
258494
258530
258524
258541
258584
258581
258658
258655
258742
258773
258826
259010
259134
259168
259213
259166
259212
259269
259266
259243
259373
259366
260455
260491
260559
260611
260652
260658
260666
260670
260738
260689
260740
260765
260810
260846
260788
260826
260897
260962
260986
264484
264501
264495
264593
264565
264640
264705
264768
264789
264911
264937
264946
264997
267056
267088
267081
267135
267126
267189
267175
267173
267207
267247
267366
267239
267367
267441
267459
267512
267533
1216448
1216466
1216478
1216535
1216497
1216549
1216711
1216728
1216805
1216834
1216887
1216884
1216899
1216931
1216991
1219017
1219027
1219125
1219142
1219189
1219184
1219182
1219236
1219243
1219336
1219410
1219434
1219405
1219485
1219533
1224429
1224440
1224576
1224569
1224642
1224707
1224684
1224751
1224752
1224750
1224773
1224759
1224841
1224872
1224854
1224907
1224916
1224977
1225000
1231627
1231629
1231663
1231708
1233590
1233717
1242036
1242003
1242104
1242128
1242030
1242139
1242091
1243591
1243640
1243629
1243720
1244046
1244096
1244095
1245679
1245643
1245714
1246013
1246073
1246137
1246138
1247624
1247641
1247679
1247715
1248121
1248079
1225747
1225731
1225735
1225829
1225779
1231737
1231762
1231802
1231769
1231843
1233731
1233727
1233738
1233755
1233811
1233812
1233796
1242225
1242269
1243761
1243765
1244169
1244180
1244161
1244179
1244207
1244257
1244272
1245733
1245767
1245763
1245840
1245818
1246145
1246143
1246232
1246244
1247756
1247789
1247785
1247764
1247766
1247830
1247856
1248202
1248263
1225919
1225924
1225983
1225998
1231892
1231980
1233866
1233881
1233887
1233946
1233993
1242293
1242337
1242348
1242356
1243918
1244346
1244302
1244381
1244356
1245992
1246291
1246326
1246407
1247876
1247875
1247894
1247974
1247941
1247953
1248296
1248305
1248320
1248356
1248367
1248414
1225010
1225035
1225102
1225144
1225153
1225187
1225206
1225196
1225290
1225294
1225299
1225310
1225410
1225391
1225419
1225436
1225447
1225569
1225555
1231021
1231015
1231010
1231140
1231095
1231146
1231273
1231260
1231340
1231288
1231290
1231359
1231404
1231461
1231567
1233012
1233014
1233072
1233085
1233128
1233187
1233228
1233259
1233256
1233216
1233271
1233314
1233338
1233308
1233316
1233341
1233399
1233424
1233457
1233507
1233493
1242492
1242604
1242700
1242735
1242838
1242823
1242889
1242910
1242916
1243037
1243015
1243014
1243075
1243058
1243167
1243189
1243178
1243136
1243274
1243329
1243327
1243325
1243404
1243432
1243430
1243466
1243497
1243575
1243552
1244497
1244521
1244512
1244623
1244659
1244655
1244744
1244772
1244795
1244861
1244809
1244945
1245026
1245037
1245104
1245171
1245161
1245215
1245203
1245285
1245355
1245435
1245547
1245562
1246441
1246473
1246493
1246501
1246511
1246589
1246663
1246672
1246681
1246701
1246646
1246803
1246889
1246887
1246922
1246919
1246945
1247054
1247035
1247018
1247156
1247115
1247135
1247218
1247232
1247247
1247205
1247271
1247322
1247428
1247462
1248437
1248469
1248484
1248579
1248662
1248686
1248806
1248815
1248833
1248825
1248780
1248913
1248991
1248556
480069
480075
480122
480099
480108
480128
481581
481641
482041
482044
482101
482113
483595
483610
483638
1215642
1215661
1215678
1215680
1215660
1614034
1614015
1614137
1614139
1614114
1615603
1615654
1615711
1618047
1618011
1618107
1618122
1618123
1619674
1619707
1624059
1624047
1624106
480164
480232
480197
481750
481734
481773
481819
482175
482270
483728
483746
483837
1215778
1215773
482267
1614174
1614179
1615732
1615725
1614270
1615752
1615778
1615815
1615832
1618143
1618177
1618239
1618242
1619841
1619822
1619804
1619836
1624151
1624167
1624194
480289
480331
480389
481971
482293
482289
482418
483887
483898
483914
1215868
1215871
1215915
1215872
1215976
1614367
1614374
1614354
1614409
1615942
1615945
1618287
1618318
1618342
1618352
1618375
1618306
1619958
1619985
1619884
1619960
1619950
1624343
1624351
480448
480470
480503
480566
480530
480589
480583
480645
480731
480767
480738
480803
481044
481087
481092
481025
481162
481194
481175
481210
481286
481257
481266
481264
481258
481281
481331
481336
481411
481438
481424
481456
481464
482434
482475
482432
482498
482453
482529
482525
482533
482581
482630
482651
482627
482591
482697
482802
482848
482831
483041
483040
483052
483152
483162
483182
483178
483225
483261
483303
483341
483410
483500
483563
483557
1215038
1215034
1215042
1215185
1215173
1215155
1215215
1215213
1215333
1215307
1215375
1215400
1215430
1215494
1215523
1614423
1614529
1614522
1614579
1614619
1614617
1614594
1614665
1614786
1614843
1614839
1614850
1614880
1614840
1614914
1614931
1615024
1615039
1615096
1615150
1615117
1615095
1615215
1615231
1615329
1615350
1615372
1615421
1615396
1615436
1615463
1615461
1615553
1618452
1618522
1618569
1618656
1618630
1618775
1618736
1618766
1618827
1618785
1618921
1619134
1619244
1619280
1619333
1619408
1619496
1624454
1624520
1624528
1624568
1624621
1624619
1624625
1624663
1624738
1624758
1624731
1624813
1624850
1624815
1624761
1624948
1624977
1097624
1097653
1097682
1097674
1101581
1101622
1101678
1101712
1101716
1104028
1104037
1104040
1104038
1104064
1105623
1105615
1105685
1106019
1106048
1106043
1106076
1106086
1106125
1106139
1108002
1108055
1108080
1109597
1109643
1109700
1109712
1109713
1110015
1110072
1110079
1110088
1110097
1110122
1110103
1110121
1115618
1115643
1115669
1115704
1112049
1112132
1097724
1097729
1097730
1101737
1101759
1101754
1101775
1101797
1101829
1104163
1104236
1104248
1104253
1104270
1105817
1105749
1106189
1106225
1108199
1108209
1104243
1108266
1109759
1109781
1109836
1110156
1110225
1110222
1110265
1115765
1115769
1115833
1115850
1115842
1112209
1112212
1112248
1112262
1097867
1097898
1097910
1097928
1097943
1097946
1097975
1101898
1101909
1101958
1104289
1104306
1104312
1105863
1104410
1105901
1105916
1105970
1106284
1106329
1106319
1106395
1106402
1108308
1108367
1108372
1108374
1108387
1109898
1110290
1110286
1110318
1110375
1110409
1115867
1115873
1115868
1115889
1115919
1115964
1112328
1112349
1112363
1112375
1112394
1112400
1112393
1112412
1097040
1097092
1097114
1097125
1097203
1097218
1097211
1097240
1097253
1097291
1097306
1097373
1097409
1097494
1097509
1097535
1097549
1101034
1101078
1101163
1101200
1101198
1101348
1101389
1101406
1101438
1101498
1101533
1101563
1101562
1101553
1101576
1104468
1104471
1104482
1104505
1104540
1104599
1104609
1104627
1104663
1104700
1104729
1104767
1104780
1104821
1104832
1104963
1104977
1105008
1105032
1105037
1105059
1105140
1105142
1105176
1105185
1105246
1105296
1105328
1105325
1105332
1105380
1105387
1105395
1105456
1105407
1105498
1105546
1105574
1106439
1106573
1106591
1106636
1106656
1106701
1106789
1106882
1106909
1106920
1106929
1106933
1108433
1108481
1108561
1108611
1108699
1108734
1108735
1108779
1108818
1108896
1108874
1108891
1108993
1109074
1109124
1109208
1109272
1109299
1109306
1109346
1109385
1109353
1109408
1109443
1109458
1109471
1110424
1110454
1110504
1110519
1110514
1110533
1110540
1110585
1110625
1110628
1110639
1110695
1110731
1110749
1110781
1110777
1110782
1110801
1110815
1110951
1110978
1110979
1110985
1115012
1115082
1115089
1115126
1115148
1115135
1115180
1115266
1115328
1115342
1115373
1115393
1115392
1115438
1115563
1112427
1112436
1112462
1112487
1112589
1112593
1112678
1112766
1112812
1112873
1112985
1112975
116012
116031
116043
116077
116093
116109
116129
117599
117581
117641
117657
117660
117710
117718
170056
170118
170127
605684
605699
606028
606037
606104
606123
607620
607624
607654
607683
607681
607687
607720
608070
608074
608114
609585
609711
610024
610041
610067
610050
610094
611593
611623
611674
116164
116241
116258
117721
117725
117733
117785
117798
117828
117834
170156
170172
170220
170242
170263
605733
605764
605801
605835
607822
607819
607845
607843
608167
608198
608211
608270
609775
609840
610203
610231
610234
611744
611782
611854
116319
116307
116350
116405
117868
170318
170373
170374
605878
605888
605943
605958
605970
606367
606404
607899
607934
607942
607976
608316
608317
608332
608343
608318
608352
609889
609929
609967
609994
609987
610383
611882
611923
116433
116461
116471
116486
116531
116551
116554
116570
116602
116600
116683
116736
116746
116878
116889
116885
116930
116933
116973
117000
117025
117062
117105
117102
117123
117128
117141
117192
117194
117191
117200
117244
117363
117387
117399
117420
117441
117439
117460
117504
117536
170456
170467
170490
170493
170498
170516
170529
170605
170603
170614
170617
170667
170689
170693
170719
170802
170804
170832
170840
170892
605082
605120
605274
605323
605338
605420
605437
605461
605498
606434
606493
606550
606630
606821
606817
606874
606912
606921
606944
606945
606988
607023
607138
607158
607173
607218
607236
607355
607379
607415
607389
607501
607576
608496
608500
608600
608633
608642
608683
608749
608748
608782
608778
608915
608941
608939
608973
609032
609047
609051
609083
609086
609128
609161
609203
609194
609207
609229
609288
609293
609380
609394
609385
609419
609449
609506
609559
609572
610430
610444
610432
610534
610548
610564
610592
610587
610604
610578
610623
610668
610666
610765
610849
610866
610875
610904
610932
610968
611043
611077
611085
611151
611159
611218
611238
611255
611252
611289
611312
611356
611387
611414
611441
611456
611476
611499
611521
1040067
1040069
1040090
1040128
1040109
1041592
1041648
1041670
1041694
1044005
1044121
1044111
1045597
1045665
1045669
1045667
1045715
1046020
1046037
1047652
1047662
1047669
1047710
1048005
1049581
1049653
1050013
1050111
1051603
1051637
1040190
1040214
1040224
1041730
1041767
1041794
1041816
1041822
1044202
1044224
1044216
1044240
1044247
1044277
1045728
1045732
1045742
1045780
1045786
1045802
1045837
1045845
1046157
1046161
1047756
1047772
1047769
1047778
1048149
1048203
1048279
1049728
1049847
1050143
1050199
1050242
1051730
1051763
1051777
1051794
1051758
1051782
1051819
1040343
1040413
1041925
1041964
1041951
1041959
1044308
1044366
1044419
1045885
1045994
1046299
1046317
1046314
1046353
1046377
1046300
1047861
1047863
1047904
1047938
1047933
1047930
1047973
1048311
1049878
1049873
1049888
1049900
1049917
1049991
1050283
1050284
1049998
1050301
1050327
1050320
1050346
1050392
1051892
1051888
1051901
1051928
1051915
1040427
1040484
1040497
1040560
1040556
1040574
1040608
1040605
1040582
1040739
1040784
1040820
1040815
1040868
1040881
1040955
1040986
1041044
1041139
1041167
1041179
1041211
1041221
1041246
1041255
1041332
1041388
1041393
1041429
1041557
1044523
1044516
1044581
1044641
1044659
1044690
1044713
1044791
1044780
1044801
1044833
1044845
1044887
1044898
1044942
1044966
1044965
1045005
1045017
1045173
1045180
1045182
1045204
1045216
1045212
1045326
1045349
1045336
1045388
1045338
1045396
1045522
1045569
1046451
1046546
1046547
1046668
1046715
1046716
1046736
1046752
1046765
1046837
1046846
1046911
1046927
1046926
1046928
1046977
1047041
1047086
1047081
1047104
1047190
1047285
1047342
1047338
1047375
1047393
1047420
1047428
1047444
1047497
1047508
1047538
1047562
1048431
1048427
1048464
1048554
1048573
1048591
1048586
1048649
1048674
1048697
1048723
1048702
1048736
1048740
1048765
1048768
1048788
1048770
1048791
1049017
1049065
1049064
1049214
1049233
1049272
1049324
1049345
1049379
1049495
1050423
1050491
1050499
1050532
1050538
1050531
1050574
1050643
1050657
1050687
1050699
1050711
1050721
1050843
1050841
1050891
1051008
1051054
1051074
1051071
1051092
1051116
1051091
1051132
1051156
1051177
1051175
1051261
1051338
1051416
1051425
1051542
1929617
1929655
1929669
1929679
1929692
1930032
1931602
1931667
1931675
1932039
1932044
1932099
1936002
1936083
1936091
1936122
1936139
1942049
1942045
1942064
1942063
1942115
1943613
1943628
1943702
1943709
1944056
1944090
1929733
1929835
1930163
1930203
1930261
1930273
1931757
1932162
1932184
1932205
1933725
1933726
1933732
1933782
1933804
1933834
1933839
1936146
1936168
1936217
1936263
1937738
1937742
1937843
1937852
1943734
1943776
1943833
1944189
1944221
1929884
1929897
1929979
1930363
1931888
1931892
1931917
1931939
1931977
1931994
1932318
1932400
1933881
1933880
1933964
1933962
1933979
1936304
1936361
1936370
1937873
1937870
1937879
1936416
1937904
1942298
1942358
1942350
1942349
1943864
1943869
1943873
1943893
1943923
1943942
1943938
1943957
1944288
1944338
1944404
1929065
1929106
1929107
1929141
1929166
1929297
1929314
1929356
1929421
1929493
1929505
1930423
1930433
1930480
1930511
1930525
1930562
1930587
1930579
1930616
1930615
1930627
1930666
1930677
1930797
1930812
1930888
1930993
1931038
1931043
1931091
1931104
1931113
1931239
1931252
1931368
1931402
1931445
1931464
1931505
1931541
1931574
1932437
1932441
1932448
1932585
1932600
1932630
1932703
1932698
1932711
1932741
1932798
1932813
1932831
1932840
1932897
1932986
1933060
1933178
1933176
1933205
1933198
1933221
1933241
1933271
1933297
1933356
1933358
1933457
1933452
1933468
1933501
1933573
1936421
1936435
1936544
1936644
1936702
1936721
1936762
1936805
1936815
1936849
1936864
1936912
1936917
1936927
1936976
1936985
1937006
1937009
1937079
1937175
1937195
1937309
1937311
1937344
1937445
1937433
1937472
1937456
1937535
1937544
1937560
1942486
1942526
1942550
1942567
1942584
1942619
1942679
1942682
1942687
1942766
1942774
1942802
1942920
1942970
1943028
1943037
1943128
1943152
1943283
1943272
1943308
1943357
1943434
1943447
1943511
1943521
1943527
1943572
1944429
1944440
1944444
1944453
1944457
1944462
1944508
1944526
1944557
1944591
1944606
1944624
1944715
1944704
1944716
1944737
1944759
1944782
1944805
1944831
1944951
1944947
1944946
1944974
1944984
1944998
1577605
1577653
1577674
1577700
1578036
1578060
1579613
1579603
1580015
1580014
1580007
1581583
1581647
1581651
1581716
1582002
1582051
1582059
1582110
1583607
1583623
1583609
1583637
1583684
1583680
1583681
1584037
1584012
1584056
1584097
1584110
1584108
1585598
1586054
1577748
1577752
1577850
1578141
1578175
1578243
1578262
1578270
1579744
1579748
1579759
1579783
1580159
1580213
1580237
1581754
1581768
1581809
1581813
1582172
1582212
1582222
1583817
1583844
1583858
1584176
1585844
1577876
1577922
1577944
1579861
1579886
1580281
1580307
1580393
1580404
1581894
1581962
1582283
1582313
1582311
1582337
1582387
1582399
1583967
1584313
1584343
1584349
1584384
1584391
1585868
1585901
1585933
1585934
1585960
1585968
1585971
1586407
1586410
1577092
1577097
1577133
1577126
1577154
1577162
1577308
1577309
1577364
1577395
1577443
1577474
1577529
1577541
1578464
1578541
1578619
1578661
1578668
1578672
1578695
1578709
1578721
1578727
1578794
1578813
1578833
1578864
1578856
1578941
1578955
1578982
1579019
1579016
1579033
1579169
1579170
1579209
1579289
1579293
1579304
1579353
1579511
1579548
1580470
1580527
1580547
1580544
1580594
1580610
1580612
1580621
1580511
1580750
1580758
1580800
1580862
1580868
1580890
1580952
1580993
1581081
1581098
1581159
1581166
1581243
1581318
1581381
1581442
1581436
1581477
1581497
1581514
1581573
1582428
1582430
1582443
1582452
1582464
1582503
1582516
1582518
1582546
1582544
1582573
1582603
1582624
1582631
1582671
1582687
1582719
1582737
1582748
1582827
1582855
1582860
1582836
1582889
1582921
1582963
1583006
1582991
1583017
1583026
1583028
1583083
1583137
1583165
1583173
1583258
1583274
1583303
1583302
1583308
1583321
1583353
1583354
1583464
1583462
1583520
1584465
1584516
1584507
1584526
1584523
1584534
1584634
1584631
1584639
1584660
1584694
1584793
1584812
1584833
1584854
1584892
1584914
1584998
1585046
1585056
1585059
1585050
1585081
1585137
1585164
1585244
1585293
1585528
1585553
1586436
1586478
1586525
1586532
1586554
1586562
1586585
1586632
1586711
1586781
1586796
1586813
1586889
1586894
1586899
1586919
1586953
1586962
295620
295690
295671
296048
296051
296098
297605
297678
298019
298082
298124
299590
299606
299639
299700
299713
299715
302013
302097
302111
302133
304006
304030
304045
304066
304076
308015
308040
308056
308048
308139
295787
295817
295837
296206
296227
296263
296258
297792
297801
297853
298167
298196
298199
298221
298241
298228
299820
299860
302203
302204
302257
303731
303833
304182
304183
304249
304257
304263
305729
305783
305837
308161
308171
308200
308263
295958
295970
296330
296351
297883
297915
297949
298327
298340
298419
299884
299887
299895
299892
299934
299982
302413
303869
303931
303926
303944
303999
304329
304340
304353
304366
304381
304409
304385
305883
305904
305914
305987
308339
308370
308374
308417
295003
295113
295135
295177
295300
295305
295324
295358
295370
295386
295391
295407
295411
295426
295449
295515
296506
296560
296675
296816
296821
296829
296836
296847
296878
296885
296888
296928
297030
297033
297028
297056
297085
297090
297114
297140
297166
297213
297221
297277
297329
297391
297394
297407
297426
297501
297542
297577
298446
298473
298479
298468
298498
298594
298692
298726
298750
298682
298843
298817
298868
298900
298906
298953
299005
299051
299107
299110
299103
299137
299194
299190
299233
299266
299348
299468
299492
299553
299555
302469
302485
302514
302504
302572
302525
302592
302612
302645
302670
302743
302765
302773
302791
302851
302863
302868
302962
302973
303009
303020
303047
303069
303074
303148
303142
303197
303330
303431
304440
304461
304513
304576
304644
304691
304696
304743
304786
304882
304921
304949
304981
304979
304977
305026
305031
305067
305060
305073
305117
305115
305119
305182
305283
305315
305335
305402
305428
305418
308466
308480
308471
308535
308575
308590
308649
308682
308731
308740
308761
308938
2262041
2263615
2263633
2263670
2268104
2269662
2269712
70019
70051
70054
70068
1168137
1194016
1194066
1194045
1194102
1194117
1201636
1201637
1201654
1201685
1641609
1641612
1641621
1641680
1641708
1641720
2262173
2262179
2262230
2263722
2263746
2263745
2263834
2268183
2269805
2269831
70173
70210
70209
1168145
1168194
1168260
1168268
1194228
1194255
1194259
1194274
1201795
1201837
1640142
1201852
1640194
1640222
1640240
1640271
1641758
1641766
1641785
1641810
1641853
2262301
2262311
2262322
2262331
2262374
2262389
2262413
2262418
2263873
2263936
2263972
2263978
2268396
2269932
70324
70350
70397
70391
1168337
1194297
1194292
1194366
1194394
1194384
1194415
1640327
1640353
1640389
1641885
1641981
2262464
2262471
2262511
2262514
2262542
2262568
2262600
2262618
2262620
2262625
2262660
2262682
2262691
2262725
2262723
2262736
2262740
2262749
2262770
2262853
2262863
2262920
2262998
2263020
2263045
2263002
2263270
2263328
2263336
2263311
2263371
2263395
2263441
2263506
2263544
2263559
2263573
2268584
2268614
2268628
2268679
2268722
2268720
2268739
2268751
2268754
2268823
2268891
2268903
2268965
2268959
2269051
2269146
2269149
2269193
2269223
2269246
2269325
2269439
2269491
2269481
2269463
2269520
2269525
2269550
2269567
70422
70434
70473
70482
70487
70534
70570
70554
70573
70629
70707
70740
70750
70808
70868
70870
70898
70917
70972
71000
1168436
1168456
1168647
1168649
1168687
1168658
1168741
1168748
1168795
1168826
1168827
1168857
1168864
1168887
1168941
1194453
1194425
1194469
1194467
1194510
1194558
1194610
1194613
1194628
1194646
1194648
1194775
1194854
1194912
1194939
1194955
1201043
1201118
1201187
1201183
1201202
1201264
1201346
1201440
1201471
1201485
1201513
1201566
1640433
1640513
1640591
1640694
1640702
1640762
1640804
1640869
1640878
1640942
1640950
1640960
1641016
1641026
1641096
1641098
1641103
1641111
1641121
1641133
1641136
1641153
1641205
1641217
1641229
1641263
1641304
1641290
1641293
1641331
1641369
1641340
1641385
1641372
1641404
1641435
1641466
1641470
1641561
1641560
1641575
1641577
2166043
2166087
2166112
2166102
2166126
1196011
1196035
868018
868021
868041
868079
1813694
1813695
1813711
874046
874084
874107
875590
875605
875628
875639
875708
1774014
1774066
1774070
1774078
1774106
1774131
1775614
1775633
1775657
1802002
1802042
1802047
1802108
1802128
1803630
1803674
2166160
2166216
2166222
2166250
1196175
1196225
1196232
1196239
1196241
1196262
868148
868157
868168
868192
868249
1813843
1813838
874269
875808
875839
875856
1774162
1774243
1774261
1774279
1775848
1802188
1802194
1802212
1802214
1802226
1802265
1802275
1803738
1803749
1803762
1803774
1803778
1803848
1803846
2166306
2166371
2166379
1196293
1196300
1196306
1196329
1196317
1196415
1196417
868295
868357
1813953
874286
874372
874387
875891
875992
1774354
1774361
1774378
1774388
1775874
1775917
1775937
1775954
1775986
1775982
1802293
1802282
1802299
1802362
1802383
1802394
1803938
1803988
2166467
2166475
2166496
2166506
2166517
2166565
2166549
2166717
2166818
2166884
2166913
2166956
1196427
1196456
1196533
1196567
1196656
1196755
1196781
1196843
1196840
1196874
1196966
1196982
868484
868502
868587
868672
868684
868749
868784
868785
868832
868844
868882
868960
868976
868988
1813018
1813041
1813121
1813145
1813169
1813227
1813237
1813378
1813427
1813457
1813507
1813498
1813552
874483
874489
874550
874638
874673
874691
874702
874716
874725
874752
874801
874851
874824
874893
874954
875001
875008
875021
875024
875067
875090
875098
875108
875135
875138
875145
875169
875327
875391
875459
875461
875477
875504
875509
875530
875561
1774483
1774479
1774541
1774566
1774590
1774669
1774705
1774706
1774728
1774751
1774841
1775038
1775090
1775200
1775194
1775302
1775347
1775359
1775390
1775423
1775492
1775491
1775497
1775528
1775564
1775570
1802437
1802527
1802579
1802595
1802629
1802657
1802649
1802701
1802717
1802816
1802830
1802886
1802891
1803008
1803122
1803142
1803236
1803245
1803276
1803283
1803340
1803345
1803389
1803411
1803423
1803473
1803474
1803476
1803544
1803531
1803562
808070
808120
808135
808132
809612
809645
809662
809674
1644102
1644119
1644098
1645633
1645638
904139
905611
905623
905660
1814029
1814057
1814040
1814115
1814106
1815617
1815713
1815670
1818004
1818061
1818094
1819625
808271
809730
809734
809786
809844
1645747
1645731
1645840
1645857
904160
904169
904158
904175
904234
904226
904239
905841
905845
905844
1814241
1815815
1815822
1815842
1818182
1818194
1818178
1818210
1818234
1818241
1819737
1819767
1819809
1819825
808313
809864
809908
809998
1644384
1645887
1645952
904317
904380
904411
905885
905918
905975
905962
905985
905978
1814299
1815861
1815958
1815974
1818309
1818323
1818389
1819872
1819954
1819974
808471
808498
808501
808541
808571
808569
808602
808630
808680
808682
808702
808712
808765
808768
808797
808816
808871
808857
808875
808890
808919
808932
809021
809076
809090
809198
809233
809274
809367
809390
809471
809565
1644444
1644535
1644553
1644588
1644601
1644619
1645014
1645033
1645037
1645152
1645159
1645166
1645256
1645295
1645366
1645391
1645413
1645420
1645436
1645573
904447
904442
904460
904545
904560
904604
904613
904616
904644
904681
904700
904705
904726
904737
904769
904770
904771
904805
904815
904810
904827
904947
904932
904986
905087
905103
905115
905109
905139
905154
905180
905202
905230
905241
905280
905274
905331
905412
905484
905492
905497
905524
905566
1814436
1814440
1814450
1814514
1814527
1814555
1814572
1814583
1814594
1814616
1814630
1814671
1814725
1814856
1814861
1814903
1814987
1815012
1815035
1815078
1815123
1815142
1815188
1815224
1815235
1815304
1815286
1815329
1815340
1815394
1815441
1815498
1815524
1815536
1815544
1818430
1818511
1818524
1818634
1818632
1818660
1818700
1818719
1818766
1818783
1818782
1818841
1818873
1818897
1818907
1818918
1818921
1818935
1818941
1818984
1819055
1819072
1819108
1819166
1819187
1819202
1819246
1819256
1819252
1819356
1819354
1819374
1819382
1819414
1819450
1819497
1495640
1496060
1497638
1497696
1498031
1498062
1499604
1499653
1499654
1499700
1499687
1500028
1500038
1500014
1500067
1500090
1500129
1501638
1501675
1501674
1504094
1504106
1505581
1505603
1508003
1495763
1495795
1495854
1496154
1496167
1496200
1496203
1496244
1497804
1498157
1499816
1499846
1499857
1500212
1500204
1500233
1500280
1501736
1501734
1501750
1501759
1501780
1501814
1501811
1501846
1504166
1504173
1504153
1504180
1504195
1504203
1504214
1504224
1504231
1504233
1505725
1505742
1505772
1505781
1505813
1505848
1508143
1508216
1508249
1508266
1508257
1495972
1495989
1496286
1496353
1496359
1496374
1496416
1497897
1497871
1497900
1497995
1498288
1498293
1498347
1498374
1499885
1499894
1499951
1500288
1500398
1501865
1501898
1501903
1504293
1504369
1504366
1504410
1505898
1505905
1505960
1508354
1508391
1495028
1495051
1495059
1495062
1495102
1495108
1495121
1495147
1495218
1495250
1495260
1495267
1495317
1495363
1495377
1495366
1495413
1495443
1495455
1495488
1495560
1495575
1495578
1495574
1496450
1496455
1496471
1496620
1496681
1496696
1496720
1496735
1496750
1496776
1496780
1496855
1496874
1497091
1497071
1497080
1497099
1497114
1497123
1497129
1497148
1497196
1497225
1497239
1497256
1497269
1497275
1497300
1497312
1497332
1497331
1497348
1497352
1497382
1497415
1497448
1497478
1498435
1498529
1498528
1498614
1498636
1498653
1498706
1498722
1498795
1498845
1498841
1498870
1498918
1499029
1499043
1499057
1499224
1499282
1499407
1499391
1499408
1499488
1499473
1499565
1500430
1500451
1500470
1500535
1500517
1500539
1500573
1500605
1500638
1500660
1500666
1500676
1500672
1500735
1500762
1500800
1500782
1500805
1500831
1500841
1500845
1500927
1500934
1500933
1500959
1501026
1501054
1501116
1501187
1501240
1501296
1501476
1501487
1501524
1501534
1501564
1504439
1504467
1504488
1504524
1504589
1504594
1504910
1504942
1504962
1505046
1505102
1505110
1505115
1505169
1505196
1505192
1505224
1505298
1505307
1505357
1505391
1505517
1505521
1505523
1505532
1505558
1508421
1508465
1508500
1508499
1508570
1508583
1508620
1508614
1508734
1508895
1508953
1508971
569609
569613
569611
569651
569679
582057
582089
582095
583661
583705
2250005
2250042
2250054
2250076
2250104
2251634
2251687
1518059
1518091
1519637
1519662
1519680
1519684
1519700
12064
12112
13591
13677
13672
13709
14054
14106
569722
569821
569818
582228
582234
582268
583753
583765
583770
583800
583857
2250170
2250189
2250206
2251734
2251775
2251811
1518151
1519737
1519767
1519797
1519841
1519782
12182
12217
12203
12251
12276
13730
13743
13761
13760
13806
13848
13844
14197
14253
14257
569954
569962
582283
582330
582363
582369
582374
582410
583883
2250310
2250294
2250404
2251867
2251900
2251907
2251918
2251915
1518332
1518333
1518368
1518372
1518378
1519906
1519919
1519932
1519948
1519961
12367
569001
569013
569043
569055
569096
569111
569166
569253
569317
569355
569497
569549
569556
582436
582536
582539
582596
582630
582663
582723
582889
582973
583012
583079
583122
583230
583234
583247
583255
583344
583436
583427
583499
583525
583533
583562
2250452
2250451
2250462
2250619
2250631
2250647
2250649
2250678
2250695
2250784
2250806
2250810
2250857
2250883
2250961
2251131
2251171
2251207
2251217
2251213
2251288
2251307
2251346
2251478
1518424
1518451
1518489
1518588
1518595
1518676
1518711
1518776
1518811
1518858
1518866
1518948
1518987
1518998
1519000
1519028
1519050
1519071
1519093
1519097
1519099
1519166
1519199
1519278
1519292
1519376
1519409
1519455
1519490
12450
12549
12619
12631
12729
12739
12776
12795
12845
12886
12887
12933
12937
12964
12990
13034
13025
13072
13083
13099
13113
13117
13139
13181
13265
13266
13337
13359
13367
13543
13552
14460
14462
14467
14495
14525
14571
14609
14655
14733
14840
14845
14860
14918
688055
689653
689679
692033
692038
692075
692084
692067
693599
693661
704038
704052
704054
705667
708087
708090
709583
709590
709648
709671
709668
712052
713582
713617
713667
713696
713673
688210
689733
689721
689743
689739
689806
689835
692226
693830
704165
704192
704245
705721
705763
705768
705779
705835
708180
708193
708209
708233
708251
709773
709827
712170
712224
713721
713741
713843
688294
688287
689899
689907
689950
689947
689981
692339
692371
692394
693892
693911
693965
693964
704315
704416
705865
704412
705881
712308
712417
712407
713885
713892
713974
713972
713997
688480
688482
688493
688559
688555
688565
688576
688601
688602
688613
688682
688704
688746
688761
688795
688800
688840
688926
689064
689091
689111
689185
689196
689199
689259
689277
689275
689258
689291
689327
689328
689353
689349
689378
689402
689436
692478
692518
692553
692566
692620
692610
692677
692705
692727
692818
692835
692847
692876
692889
692907
692990
693013
693031
693077
693112
693157
693164
693210
693206
693267
693357
693368
693402
693403
693412
693443
693476
693468
693490
693531
693537
693536
693547
693498
704459
704488
704508
704531
704534
704536
704575
704692
704710
704708
704712
704725
704803
704930
704968
704976
705130
705165
705170
705234
705270
705320
705402
705442
705510
705557
708421
708455
708530
708518
708655
708695
708714
708722
708774
708846
708980
709026
709061
709165
709148
709191
709235
709246
709263
709301
709319
709412
709475
709501
709536
709567
712427
712463
712479
712541
712676
712737
712743
712754
712775
712813
712817
712818
712842
712920
712956
713071
713099
713102
713101
713137
713230
713240
713279
713328
713416
713424
713458
713579
432040
432085
432086
432125
437615
432127
437591
437637
437720
437704
457628
457629
457690
457630
460014
460034
460015
460107
1972054
1972052
1972065
1972119
1973706
1982019
1982058
1982107
1982116
1982137
1983606
1983650
1983678
1986055
1986050
1986060
1986123
1986133
1986137
1987614
1987645
1987647
1987674
432171
432252
437771
437764
437814
437800
437832
437813
460141
460147
460174
460234
460280
1972146
1972167
1972263
1972252
1973760
1973735
1973772
1983790
1983789
1983841
1986144
1986219
1986235
1987818
432326
1987851
432406
432408
432390
437875
437878
437885
437917
437918
437998
437959
457930
457961
457986
457982
460310
460400
1973887
1973870
1973914
1973934
1973954
1973988
1982304
1982335
1982410
1983862
1983963
1983972
1986281
1986338
1986397
1986395
1986349
1987925
1987924
1987926
1987912
1987972
1987964
1987994
1988000
1987990
432434
432520
432597
432616
432610
432703
432752
432741
432807
432910
432978
437008
437021
437019
437054
437125
437097
437154
437186
437325
437335
437385
437374
437412
437461
437509
437558
437537
457006
457043
457053
457089
457184
457207
457214
457222
457392
457420
457434
457463
457481
457520
457531
457564
457561
460423
460515
460525
460556
460499
460554
460563
460620
460714
460738
460763
460748
460752
460778
460776
460887
460870
460906
460995
1972440
1972458
1972551
1972544
1972665
1972690
1972734
1972809
1972798
1972822
1972850
1972869
1972880
1972907
1972893
1972912
1972915
1972949
1973159
1973174
1973286
1973301
1973284
1973480
1973465
1973523
1982456
1982474
1982490
1982502
1982501
1982571
1982602
1982675
1982735
1982721
1982726
1982758
1982824
1982821
1982868
1982900
1982993
1983017
1983005
1983102
1983135
1983158
1983197
1983203
1983236
1983238
1983301
1983290
1983309
1983296
1983288
1983324
1983372
1983450
1983464
1983497
1986437
1986482
1986527
1986568
1986618
1986734
1986758
1986941
1986924
1986951
1987048
1987029
1987084
1987113
1987147
1987124
1987279
1987242
1987485
1910042
1910058
1910112
1910138
1896034
1896056
1896069
1896101
1896115
1093648
1081590
1081608
1081630
1081655
1081667
1081674
1081690
1894054
1894134
1894131
1362063
1362092
1362127
1363592
1363665
1363671
1363677
1363690
1364009
1364098
1364114
1718042
1718071
1718048
1718064
1718084
1718118
1719599
1719635
1719654
1719643
1719715
1910145
1910162
1910160
1910179
1910201
1910232
1910234
1910268
1910271
1910273
1896194
1896262
1896279
1093798
1081745
1081819
1081835
1081850
1894177
1894238
1894258
1362143
1362230
1362215
1362279
1363746
1363778
1363790
1363857
1363840
1364233
1718176
1718247
1719747
1719757
1719801
1719795
1719860
1719849
1910308
1910354
1896334
1896351
1896341
1896388
1093880
1093911
1093938
1093950
1093984
1081880
1081896
1081954
1081962
1081959
1081988
1894301
1894305
1894318
1362285
1362296
1362324
1362333
1362418
1363902
1363903
1363918
1364287
1364293
1364353
1719880
1719877
1719917
1719990
1719992
1910428
1910476
1910473
1910506
1910554
1910581
1910650
1910663
1910703
1910727
1910757
1910826
1910858
1910913
1910948
1896421
1896438
1896456
1896485
1896502
1896515
1896550
1896634
1896652
1896812
1896849
1896862
1896906
1093041
1093045
1093049
1093114
1093109
1093128
1093172
1093197
1093270
1093306
1093304
1093322
1093323
1093342
1093362
1093365
1093519
1093566
1081007
1081014
1081058
1081112
1081129
1081123
1081125
1081207
1081239
1081249
1081288
1081298
1081319
1081407
1081445
1081442
1081510
1081552
1081564
1081562
1894460
1894492
1894533
1894566
1894657
1894689
1894681
1894712
1894748
1894745
1894868
1894890
1894919
1894974
1362447
1362441
1362482
1362568
1362581
1362600
1362618
1362605
1362724
1362733
1362775
1362820
1362823
1362804
1362853
1362897
1362904
1362990
1363030
1363028
1363036
1363081
1363120
1363185
1363243
1363213
1363293
1363296
1363319
1363363
1363391
1363385
1363382
1363413
1363440
1363559
1364458
1364454
1364498
1364537
1364596
1364563
1364620
1364650
1364749
1364852
1364864
1364870
1364857
1364862
1364881
1364929
1364944
1364940
1718429
1718426
1718447
1718509
1718513
1718522
1718541
1718606
1718590
1718671
1718708
1718744
1718785
1718786
1718770
1718788
1718823
1718832
1718961
1719011
1719091
1719110
1719066
1719145
1719160
1719199
1719218
1719275
1719357
1719352
1719506
1719515
336031
336040
336092
336118
336115
337583
337675
577621
577634
577653
2266059
2266076
2266106
2266102
2266133
2267617
2267648
620008
620026
620112
621631
621699
622133
622137
623594
623662
623707
37581
37606
37667
37680
336168
336242
336243
336250
337763
337768
337848
577748
577760
577749
577795
2266195
2266207
2266248
2266262
2267735
2267834
620145
620155
620185
620239
620255
620267
621742
621730
621770
621789
621779
622170
623819
623830
37756
37843
336341
336404
336407
337861
337885
337917
337910
337987
577873
2266393
2267872
2267918
2267973
620369
621871
621967
621970
621994
623939
623937
37903
37928
37931
37997
336469
336466
336566
336571
336590
336645
336713
336822
336872
336900
336897
336895
337048
337094
337109
337160
337194
337354
337429
337464
337512
337530
337539
337538
337543
337573
577018
577017
577058
577079
577142
577171
577182
577227
577267
577390
577369
577453
577467
577533
2266459
2266457
2266460
2266466
2266537
2266555
2266592
2266675
2266677
2266727
2266753
2266762
2266791
2266802
2266851
2266870
2266945
2267000
2266996
2267013
2267015
2267093
2267104
2267114
2267119
2267147
2267181
2267209
2267198
2267355
2267392
2267415
2267446
2267498
620425
620429
620477
620487
620494
620658
620687
620719
620766
620771
620839
620852
620844
620855
620928
620930
620989
621128
621132
621160
621204
621218
621207
621368
621367
621384
621413
621478
621487
621518
621554
621558
621564
622464
622481
622512
622598
622624
622640
622655
622679
622755
622773
622777
622808
622847
622876
622877
622882
622890
622917
622965
623023
623031
623040
623256
623285
623309
623314
623411
623495
623506
623534
623552
623575
37082
37101
37108
37202
37199
37218
37204
37284
37378
37410
37531
37536
37552
503680
503696
508051
508086
509630
509648
509699
509689
510059
510131
510077
510128
511587
511641
511585
511651
511647
512009
512027
512029
512081
512084
512030
512138
512127
513633
513641
516041
516065
516082
516121
517589
517608
517591
517628
517685
694066
694099
694094
503745
503829
503846
503847
503836
508156
508181
508233
508169
508223
508256
509743
509820
509782
510186
510233
510263
511721
511830
511818
513754
513825
513818
513855
513849
513819
516206
516255
517742
517820
517801
694144
694169
694175
694211
694225
694218
503868
503904
503932
503986
503998
503942
508321
508349
508360
509870
509953
509954
510304
510307
510416
510412
511948
511944
512000
511984
512305
512384
512412
513880
513869
513886
516287
516339
516376
516323
516358
516417
517943
517938
517979
694301
694304
694302
694308
694362
694353
694324
503061
503003
503004
503073
503129
503302
503351
503340
503423
503478
508427
508567
508544
508580
508566
508583
508620
508784
508813
508811
508883
508814
508817
508945
509031
509022
509038
509125
509102
509157
509180
509138
509256
509336
509335
509372
509303
509429
509520
509579
510436
510445
510429
510531
510573
510584
510637
510622
510653
510805
510828
510750
510813
510964
511025
511056
511084
511082
511104
511408
511489
511499
511573
512464
511550
512631
512691
512677
512747
512755
512835
512817
512786
512919
512987
513079
513206
513223
513335
513295
513371
513370
513478
513502
513468
513535
513572
516441
516498
516559
516533
516646
516793
516900
516921
516938
516923
516981
517011
517146
517174
517172
517213
517269
517461
517462
517429
517536
517554
694468
694519
694530
694502
694547
694601
694565
694639
694690
694716
694875
694867
694937
694892
694996
1911584
1911618
1911685
1913674
1913695
1913712
1913719
1897586
1897588
1897620
1897624
1897646
1897662
171627
171633
171657
171691
171707
171710
2120063
2120037
2121635
2121647
2122002
2121678
2122043
2122132
730048
730092
730080
1593586
1593632
1593629
1593621
1593679
1593697
1593710
1613596
1613621
1613683
1911766
1911841
1897791
1897796
171726
171734
171747
171764
171776
2120148
2120198
2120205
2120226
2120236
2120278
2121744
2121755
2121763
2121792
2121811
2121849
2121847
2121850
2122157
2122194
2122224
730173
730181
730190
730249
730256
1593743
1593767
1593846
1613734
1613856
1911896
1911892
1911914
1911913
1911947
1911999
1913870
1913882
1913889
1913862
1913918
1913991
1913988
1897868
1897879
1897969
171885
171908
171911
171952
2120299
2120305
2120353
2120362
2120407
2120416
2121918
2121890
2121932
2121956
2121969
2121983
2122284
2122309
2122371
2122375
730283
730377
730384
1593958
1593950
1593972
1613891
1613896
1613947
1613979
1911080
1911121
1911242
1911261
1911375
1911419
1911500
1911552
1913035
1913041
1913075
1913099
1913119
1913126
1913165
1913221
1913302
1913327
1913326
1913363
1913379
1913452
1913518
1897006
1897037
1897035
1897098
1897096
1897237
1897264
1897266
1897276
1897341
1897337
1897360
1897391
1897392
1897454
1897579
171027
171039
171049
171061
171075
171160
171141
171259
171297
171302
171310
171288
171412
171462
171464
171510
2120435
2120527
2120529
2120574
2120611
2120620
2120646
2120641
2120686
2120700
2120706
2120733
2120739
2120750
2120811
2120817
2120898
2120904
2120913
2120949
2121091
2121084
2121170
2121208
2121258
2121255
2121291
2121325
2121417
2121449
2121455
2121473
2121515
2122461
2122463
2122613
2122672
2122700
2122701
2122723
2122799
2122781
2122871
2122893
2122913
2122928
2122962
730434
730453
730475
730445
730501
730507
730560
730589
730610
730612
730619
730794
730798
730778
730833
730878
730875
730963
730975
1593009
1593067
1593068
1593138
1593146
1593144
1593152
1593200
1593261
1593314
1593381
1593416
1593430
1593435
1593443
1593515
1593526
1613024
1613021
1613171
1613236
1613390
1613388
1613393
1613454
1613448
1613462
1613486
1613493
1613491
1613545
172018
172025
172095
172107
172102
173660
173672
173676
173685
173713
174049
173666
174092
174100
175643
175638
175644
175659
175681
175699
175708
178038
178134
179605
179661
179658
179697
179678
180004
180015
180027
180045
180048
180130
181593
181601
181675
181693
181690
182026
182065
182062
182108
182112
182116
182136
183614
183631
183620
183646
183657
183676
183680
183674
172185
172256
172268
173755
174147
174223
174248
175723
174272
175743
175753
175780
175820
175838
178150
178148
179740
179755
179745
179825
179834
179860
180221
180220
180238
180257
181726
181751
181826
181854
182146
182187
182202
182226
182177
182236
182264
183722
183735
183768
183806
183809
172283
172330
172348
172351
172352
172370
172376
172382
173864
173911
173924
173914
173934
173929
173997
174322
174332
174360
174385
175874
178331
178353
178362
178410
179891
179977
179987
180296
180299
180328
180384
180407
181903
181922
181940
181949
181965
181956
182316
182344
182355
182365
182385
182399
183914
183885
183946
183953
183958
172575
172590
172624
172674
172686
172675
172724
172760
172900
172932
172936
172933
173011
173019
173021
173027
173057
173103
173109
173177
173179
173183
173232
173313
173312
173325
173342
173356
173375
173386
173389
173433
173460
173475
173530
174429
174519
174528
174597
174791
174815
174828
174902
174932
174945
174967
175281
175264
175354
175405
175429
175509
175543
178494
178508
178535
178547
178595
178628
178647
178654
178674
178761
178770
178840
178980
178983
179002
178801
179029
179052
179089
179124
179132
179177
179212
179322
179341
179397
179431
179473
179453
179532
179557
179572
180425
179578
180450
180501
180547
180582
180620
180646
180667
180697
180807
180849
180928
180942
180962
180948
180975
181026
181056
181089
181141
181166
181218
181233
181254
181292
181353
181368
181398
181443
181458
181521
181567
182435
182501
182499
182522
182572
182578
182580
182600
182619
182661
182668
182679
182692
182824
182969
183025
183039
183032
183240
183281
183321
183381
183331
183480
183535
183562
183576
184042
184066
185596
185595
185698
186010
186049
187612
187634
187636
187674
187680
187713
188012
188032
188043
188130
189589
188133
192098
193614
193612
193621
193638
193622
193633
193706
196035
196051
196036
196072
197602
197603
197647
197652
197709
184174
184239
184269
185752
185758
185734
185792
185844
186218
186232
186239
187724
187740
187738
187757
187856
188155
188182
188178
188229
188272
189726
189742
189770
189773
189816
189823
189846
189837
192211
192200
192239
192261
192262
193799
196144
196156
196170
196239
196257
197725
185914
185912
185926
185925
185953
185983
185980
185978
186290
186336
186338
186349
187961
188301
188342
188393
188403
189863
189916
189944
192292
192309
196300
196338
197879
197888
197898
197934
197929
197985
184459
184493
184549
184564
184590
184608
184670
184712
184750
184805
184820
184675
184905
184940
185100
185153
185168
185174
185197
185212
185238
185268
185312
185323
185416
185442
185429
185458
185477
185503
185569
186448
186483
186531
186578
186643
186654
186784
186781
186801
186723
186825
186830
186870
186918
186952
186997
186904
187071
187138
187151
187162
187176
187175
187341
187439
187474
187499
187541
188448
188455
188508
188525
188577
188589
188619
188642
188675
188692
188738
188756
188786
188823
188859
188877
188886
188948
189067
189078
189113
189200
189411
189490
189535
189556
192441
192541
192673
192668
192695
192707
192708
192744
192753
192869
192909
192954
192982
192987
193136
193214
193225
193234
193374
193456
193468
193475
193500
196434
196492
196549
196565
196601
196653
196616
196681
196689
196712
196749
196740
196779
196808
196877
196897
196926
196918
196949
196955
196982
196973
197010
197022
197089
197182
197196
197197
197240
197256
197257
197282
197304
197333
197350
197360
197378
197401
197405
197448
197455
197547
197573
854108
854092
854110
854139
855597
855600
855665
855701
855712
856007
856084
857597
857631
857647
857717
860140
863615
863635
1316002
1316077
1316083
1316091
1316099
1316113
1316127
1316138
1316126
1317603
1317652
1320008
1320022
1320059
1320082
1320118
1320121
1321601
1321632
1321669
1321705
1321719
854222
854254
854250
854262
855780
855787
855836
855855
856214
856216
856235
856263
856250
857739
857782
857792
857810
860260
863721
863830
863834
1316240
1317758
1320143
1320146
1320155
1320159
1320227
1320233
1320260
1321751
1321754
1321801
1321840
1321857
854387
855886
855915
855913
855976
855984
855980
856298
856396
857897
857899
857990
857953
860367
860357
860371
860378
863884
863880
863912
863944
863949
863957
863958
863962
863983
863970
1316282
1316389
1316410
1317867
1317889
1317908
1317927
1317935
1317989
1320322
1320338
1320364
1320405
1320411
1321877
854433
854435
854464
854531
854576
854612
854659
854728
854727
854780
854924
855030
855044
854993
855176
855239
855251
855294
855339
855348
855352
855429
855515
856471
856525
856673
856687
856852
856878
856866
856965
856974
857124
857200
857199
857241
857224
857294
857482
857506
857557
860516
860533
860575
860705
860738
860741
860800
860790
860857
860876
860919
860940
863020
863067
863078
863115
863151
863159
863200
863239
863238
863278
863306
863489
863578
1316426
1316446
1316601
1316631
1316649
1316651
1316686
1316703
1316705
1316740
1316738
1316765
1316768
1316818
1316834
1316875
1316901
1316909
1316950
1316958
1317016
1317097
1317093
1317169
1317188
1317355
1317354
1317377
1317378
1317442
1317449
1317510
1317541
1317525
1320476
1320558
1320590
1320614
1320632
1320652
1320653
1320726
1320764
1320767
1320766
1320832
1320889
1320896
1320902
1320933
1320947
1320964
1320972
1320989
1321069
1321121
1321135
1321222
1321286
1321304
1321334
1321379
1321401
1321426
1321412
1321497
1321558
903594
903595
903636
903655
910018
910032
910048
910031
910096
910118
911611
911623
911661
911678
911700
911704
912112
912133
916040
916119
916122
917631
917634
917673
917646
1766071
1766089
1766108
1771627
1771623
1771631
1771671
1771700
1776021
1776020
1776035
1776016
1776058
1776060
1776066
1776099
1777654
1777665
903736
903782
903803
903819
903852
911760
911759
912152
912214
912234
912238
912265
912280
916167
916205
917760
917779
1766142
1766185
1766219
1771756
1771767
1771779
1771809
1771832
1776145
1777727
1777855
903877
1777857
903905
903925
903924
910307
910332
910346
910389
910388
910391
911954
912296
912360
912387
912406
916282
916329
916349
916381
916414
917884
917881
917962
917960
1766316
1766347
1766350
1766403
1766410
1766417
1766420
1771965
1771966
1776309
1776328
1776342
1776344
1776375
1776391
1776414
1776420
1777874
1777903
1777924
1777998
903131
903143
903167
903279
903397
903400
903445
903466
903450
903461
903535
910446
910542
910598
910605
910655
910675
910677
910728
910721
910816
910821
910911
910956
910985
911000
911022
911050
911209
911204
911269
911302
911366
911355
911368
911411
911450
911409
911464
911462
911477
911484
911502
911523
911508
912434
912460
912457
912531
912538
912547
912603
912714
912771
912816
912836
912865
912860
912991
916551
916563
916575
916583
916619
916649
916643
916692
916707
916759
916775
916871
916888
916855
916944
917025
917035
917082
917101
917123
917130
917135
917144
917142
917238
917338
917393
917410
917463
917486
917537
917556
917561
1766507
1766586
1766653
1766684
1766733
1766734
1766744
1766739
1766812
1766845
1766868
1766876
1766933
1766934
1766949
1766966
1766990
1771018
1771066
1771076
1771071
1771146
1771222
1771250
1771239
1771296
1771334
1771551
1771538
1771563
1776474
1776496
1776563
1776604
1776616
1776615
1776669
1776612
1776761
1776859
1776894
1776910
1776986
1777084
1777111
1777143
1777183
1777182
1777184
1777245
1777294
1777365
1777414
1777425
1777447
1777479
1777467
1777488
1777574
759594
759627
759625
759652
759665
759666
759680
759709
759711
1434005
1434065
1434083
1434081
1434122
1445602
1445615
1668002
1668045
1668087
1668088
1668107
1668124
1669648
1669658
1669704
1669715
1669716
1672027
1672054
1672072
1672076
1672080
1672089
1672102
1672120
1672140
1673590
1673619
1673638
1673654
1673695
1673696
1673714
1674080
1674094
1675638
1675672
1675677
1676041
1676124
759730
759761
759770
759767
759804
759814
759827
759824
759848
1434220
1445760
1445790
1445803
1445831
1445852
1668156
1668157
1668193
1668207
1669728
1669779
1669796
1669844
1672185
1672204
1672210
1672211
1672237
1672272
1673744
1673793
1673850
1673859
1674151
1674164
1674186
1674204
1674217
1674235
1674253
1675735
1675784
1676210
1676158
1676216
1676280
759936
759964
759949
759967
1434308
1434331
1434332
1434357
1434410
1445896
1445882
1445905
1445988
1668334
1668346
1668366
1669901
1669920
1669933
1672309
1672323
1672350
1672383
1672414
1673897
1673944
1673992
1674283
1674300
1674415
1675922
1675943
1675921
1675965
1675951
1676302
759020
759008
759037
759039
759200
759223
759243
759268
759272
759351
759371
759534
759505
759580
1434427
1434443
1434433
1434477
1434490
1434489
1434768
1434777
1434787
1434866
1434874
1434878
1434897
1434928
1434927
1434938
1434932
1445034
1445032
1445077
1445078
1445188
1445234
1445223
1445271
1445421
1445461
1445530
1668491
1668538
1668573
1668597
1668605
1668601
1668762
1668796
1668887
1668917
1668925
1668940
1669035
1669130
1669154
1669165
1669197
1669215
1669228
1669253
1669277
1669281
1669301
1669330
1669310
1669360
1669348
1669391
1669452
1669474
1669559
1669562
1669566
1672455
1672778
1672819
1672824
1672857
1672852
1672875
1672932
1672944
1672972
1673022
1673068
1673069
1673089
1673088
1673091
1673139
1673226
1673295
1673291
1673302
1673320
1673351
1673441
1673492
1673508
1673564
1673565
1673574
1674445
1674501
1674531
1674538
1674553
1674708
1674754
1674817
1674810
1674841
1674876
1674908
1674962
1674978
1674981
1675067
1675072
1675096
1675125
1675144
1675245
1675253
1675250
1675370
1675362
1675416
1675449
1675442
1675472
1675521
1675573
1675574
1675579
1676445
1676515
1676564
1676616
1676708
1676768
1676826
1676873
1676912
1676897
1676957
1712019
1712032
1712030
1712040
1712039
1712034
1712101
1712119
1713606
1713624
1713656
1713684
1713681
1915616
1915637
1915666
1439604
1439690
1688030
1688037
1688112
1689598
1689664
1689665
1689683
1689681
1691612
1691603
1691667
1691680
1691704
1694064
1694093
1694116
1694113
1694124
1696055
1696087
1696097
1696101
1696116
1712172
1712231
1712265
1712263
1713770
1713815
1713832
1713859
1915803
1915808
1915793
1915854
1915771
1439846
1439857
1684152
1684172
1684208
1684234
1684250
1684265
1684269
1688154
1688153
1688215
1688224
1688238
1688241
1688267
1689742
1689768
1689761
1689821
1691760
1691771
1691785
1694180
1694176
1694203
1694255
1696209
1712291
1915869
1915914
1915935
1915940
1915945
1915992
1439896
1439889
1439940
1439956
1684323
1684392
1688297
1688320
1688325
1688324
1688360
1689865
1689866
1689903
1691935
1691957
1694294
1694300
1694353
1694361
1694400
1696396
1712436
1712482
1712484
1712545
1712560
1712671
1712710
1712717
1712793
1712901
1712925
1712924
1712916
1712954
1712968
1712976
1712950
1713012
1713032
1713052
1713051
1713067
1713082
1713092
1713125
1713122
1713173
1713196
1713213
1713214
1713223
1713263
1713311
1713315
1713358
1713447
1713460
1713496
1713501
1713534
1713548
1713560
1713574
1915137
1915143
1915168
1915319
1915331
1915354
1915347
1915355
1915415
1915424
1915475
1915493
1915511
1915550
1915561
1915575
1439075
1439107
1439119
1439152
1439201
1439226
1439244
1439266
1439286
1439326
1439337
1439343
1439369
1439432
1439442
1439451
1439500
1439544
1439565
1439551
1684479
1684512
1684554
1684551
1684587
1684589
1684668
1684758
1684808
1684802
1684826
1684842
1684894
1684986
1688449
1688529
1688585
1688589
1688586
1688610
1688606
1688680
1688750
1688776
1688818
1688845
1688866
1688871
1688876
1688882
1688658
1688917
1688926
1688952
1689020
1689062
1689064
1689073
1689165
1689170
1689178
1689238
1689307
1689320
1689340
1689372
1689364
1689523
1689552
1689565
1689579
1691143
1691190
1691264
1691379
1691429
1691530
1691524
1691540
1691562
1691564
1694452
1694440
1694453
1694493
1694534
1694514
1694581
1694622
1694646
1694673
1694717
1694780
1694837
1694896
1694995
1696532
1696649
1696653
1696717
1696764
1696762
1696788
1696797
1696805
1696827
1696876
1696943
1696954
1696969
1696996
1696992
2088042
2088070
2088132
2094026
2094080
2095590
2095611
2095620
2095652
2095678
2095702
2095692
763584
763634
763648
763686
763714
765633
765641
765652
1420021
1420005
1420030
1420039
1420059
1420089
1420096
1420095
1431617
1431638
1431653
1431669
1433592
1433617
1433620
1433645
1433660
1433665
1433697
413581
413587
413592
1431672
413658
413690
414004
414039
414035
414042
414091
414116
414138
2088142
2088173
2088169
2088183
2088196
2088216
2088233
2088261
2094147
2094201
2094253
2095738
2095766
2095774
2095801
2095841
2095858
763762
763761
763845
763860
765751
765834
765830
765849
765731
765860
1420176
1420187
1420190
1420214
1420253
1420268
1431831
1431840
1433730
1433750
1433768
1433781
413766
413829
413857
414195
414220
414229
2088293
2088324
2088353
2088373
2088407
2094297
2094357
2095865
2095875
2095980
2095991
763866
763906
763932
763977
763988
765881
765865
765891
765919
765910
765951
765993
1420346
1420375
1431872
1431884
1431921
1431990
413888
414313
414328
414348
414399
414409
414420
2088486
2088523
2088508
2088589
2088670
2088687
2088715
2088727
2088771
2088812
2088827
2088867
2088889
2088913
2094479
2094547
2094559
2094578
2094589
2094690
2094736
2094756
2094748
2094851
2094864
2094877
2094884
2094958
2095020
2095115
2095143
2095223
2095296
2095326
2095334
2095356
2095364
2095450
2095463
2095474
2095480
2095543
763002
763048
763058
763067
763151
763170
763195
763217
763287
763294
763386
763405
763443
763508
765066
765070
765086
765136
765149
765159
765192
765193
765183
765209
765207
765223
765263
765287
765350
765375
765369
765380
765471
765550
765573
765575
765578
1420477
1420611
1420660
1420698
1420702
1420729
1420771
1420765
1420801
1420896
1420907
1420931
1431010
1431090
1431097
1431150
1431224
1431256
1431279
1431339
1431326
1431362
1431354
1431383
1431390
1431397
1431411
1431420
1431431
1431499
1431509
1431535
1431576
1433112
1433133
1433178
1433179
1433249
1433262
1433294
1433318
1433337
1433400
1433437
1433462
1433461
1433530
413001
413048
413102
413105
413183
413289
413290
413294
413303
413315
413341
413408
413426
413482
414501
414637
414671
414704
414693
414744
414769
414738
414798
414847
414929
414970
2015608
2015637
2015630
2015684
2015709
2016063
2016098
2016137
2017646
2017658
2023581
2023599
2023594
2023615
2023680
2023693
2023711
2117585
2117643
2117669
2117665
2118099
2118137
2123597
2123650
2123688
2123689
1266002
1266010
1266128
1267642
827607
827635
827710
827719
2015751
2015768
2015789
2015801
2015814
2015825
2015860
2016250
2017773
2017776
2017807
2017805
2023735
2023807
2117722
2117730
2117746
2117765
2118149
2118186
2118225
2118277
2123755
2123751
2123800
2123774
2123849
1266145
1266255
1266252
1267732
1267766
1267790
827725
827744
827741
827790
827829
827841
827844
2015868
2015880
2015886
2015896
2015906
2015936
2015928
2016358
2016393
2017915
2017950
2017952
2017972
2017965
2018000
2023869
2023875
2023946
2117910
2117963
2118380
2124000
1266288
1266332
1266360
1266413
1267866
1267873
1267923
827894
827901
827993
2015083
2015087
2015118
2015110
2015130
2015145
2015195
2015216
2015267
2015280
2015314
2015363
2015384
2015411
2015460
2015431
2015519
2015562
2016475
2016512
2016516
2016564
2016568
2016577
2016576
2016616
2016652
2016670
2016643
2016724
2016749
2016797
2016803
2016916
2016925
2016972
2017051
2017069
2017074
2017079
2017113
2017143
2017165
2017197
2017256
2017312
2017353
2017380
2017546
2023012
2017563
2023029
2023046
2023080
2023114
2023130
2023129
2023157
2023233
2023246
2023281
2023322
2023320
2023324
2023382
2023389
2023424
2023437
2023472
2023479
2023510
2117082
2117087
2117094
2117106
2117113
2117131
2117170
2117175
2117265
2117315
2117327
2117366
2117413
2117472
2117533
2117560
2118474
2118525
2118625
2118627
2118651
2118672
2118719
2118740
2118775
2118824
2118872
2118937
2118970
2123065
2123073
2123087
2123152
2123160
2123166
2123191
2123255
2123294
2123328
2123390
2123431
1266447
1266456
1266450
1266514
1266542
1266564
1266626
1266673
1266717
1266719
1266797
1266874
1266902
1266922
1266993
1267018
1267056
1267073
1267071
1267107
1267115
1267179
1267195
1267246
1267256
1267281
1267298
1267294
1267312
1267369
1267387
1267471
1267544
827015
827073
827084
827096
827227
827317
827316
827375
827426
827467
827454
827516
827479
827555
827570
